101
1418
1,1212186544459182
1,4069698145522505 1,9770604574758646 3,910557702861734
1,409324612677916 1,991244316718182 3,9869771407084573
1,4069698145522505 1,9770604574758646 3,910557702861734
1,409324612677916 1,991244316718182 3,9869771407084573
1,4146424819071073 1,990483001344779 3,96309165410539
1,4146639320455454 1,9858959256966386 3,9901228715405868
1,4069698145522505 1,9770604574758646 3,910557702861734
1,4114002102957048 1,986170925308866 3,9626873423040423
1,4146639320455454 1,9858959256966386 3,9901228715405868
1,4069698145522505 1,9770604574758646 3,910557702861734
1,409324612677916 1,991244316718182 3,9869771407084573
1,4069698145522505 1,9770604574758646 3,910557702861734
1,4146424819071073 1,990483001344779 3,96309165410539
1,4146424819071073 1,990483001344779 3,96309165410539
1,4146639320455454 1,9858959256966386 3,9901228715405868
1,4146639320455454 1,9858959256966386 3,9901228715405868
1,4069698145522505 1,9770604574758646 3,910557702861734
1,4069698145522505 1,9770604574758646 3,910557702861734
1,4069698145522505 1,9770604574758646 3,910557702861734
1,4146639320455454 1,9858959256966386 3,9901228715405868
1,4114002102957048 1,986170925308866 3,9626873423040423
1,409324612677916 1,991244316718182 3,9869771407084573
1,4114002102957048 1,986170925308866 3,9626873423040423
1,4069698145522505 1,9770604574758646 3,910557702861734
1,409324612677916 1,991244316718182 3,9869771407084573
1,4146639320455454 1,9858959256966386 3,9901228715405868
1,4146424819071073 1,990483001344779 3,96309165410539
1,4146424819071073 1,990483001344779 3,96309165410539
1,4146424819071073 1,990483001344779 3,96309165410539
1,4114002102957048 1,986170925308866 3,9626873423040423
1,409324612677916 1,991244316718182 3,9869771407084573
1,4114002102957048 1,986170925308866 3,9626873423040423
1,409324612677916 1,991244316718182 3,9869771407084573
1,4069698145522505 1,9770604574758646 3,910557702861734
1,4114002102957048 1,986170925308866 3,9626873423040423
1,4146424819071073 1,990483001344779 3,96309165410539
1,4146639320455454 1,9858959256966386 3,9901228715405868
1,4146424819071073 1,990483001344779 3,96309165410539
1,4069698145522505 1,9770604574758646 3,910557702861734
1,4146424819071073 1,990483001344779 3,96309165410539
1,409324612677916 1,991244316718182 3,9869771407084573
